0 0.4323828125 0.48432291666666666 0.04125000000000001 0.029167000000000092
0 0.43953125 0.78171875 0.008750000000000036 0.024166999999999977
0 0.45375 0.7391145833333334 0.0006249999999999867 0.020832999999999952
0 0.47625 0.43890625 0.03249999999999997 0.008332999999999998
0 0.4917578125 0.7073961666666667 0.010624999999999996 0.03749999999999994
0 0.5277734375 0.721458 0.06187499999999996 0.033333999999999975
0 0.5260546875 0.4652083333333334 0.03875000000000006 0.011666999999999947
0 0.5596484375 0.4246878333333333 0.02937499999999993 0.027500000000000007
0 0.5791015625 0.4668746666666666 0.03500000000000003 0.05333400000000007
0 0.586875 0.7194270833333333 0.03312499999999996 0.03500000000000014
0 0.6183203125 0.6932291666666668 0.026249999999999996 0.03666699999999986
0 0.6615625 0.69171875 0.016874999999999973 0.024166999999999977
0 0.7015625 0.6735413333333332 0.015625 0.011667000000000094
