0 0.1341796875 0.6635413333333333 0.037500000000000006 0.3875
0 0.205859375 0.4223955 0.10625000000000001 0.32916700000000004
0 0.2107421875 0.76744825 0.11562499999999998 0.35416600000000004
0 0.353125 0.5716145833333334 0.125 0.770833
0 0.452734375 0.8932295 0.07499999999999996 0.20416599999999985
0 0.48828125 0.85755175 0.07187500000000002 0.2749999999999999
0 0.62265625 0.5661455 0.22812500000000002 0.39166699999999993
0 0.85625 0.6286461666666666 0.1875 0.725
0 0.9326171875 0.6416663333333333 0.05312499999999998 0.666667
0 0.96796875 0.813542 0.05624999999999991 0.3458330000000001
