0 0.1015625 0.473264 0.203704 0.09444399999999997
0 0.27743033333333333 0.64921875 0.511111 0.14861100000000005
0 0.17751758333333334 0.284939125 0.3 0.09861099999999995
0 0.3806138333333333 0.4708984375 0.277777 0.09305600000000008
0 0.52948525 0.2876516875 0.35370300000000005 0.13194500000000003
0 0.6611691666666667 0.6775390625 0.19444399999999998 0.08055600000000007
0 0.7047165833333334 0.4748046875 0.20740700000000004 0.101389
0 0.8220779166666666 0.683810875 0.18703700000000012 0.09166700000000005
0 0.9100115 0.2848310625 0.17407399999999992 0.11249999999999999
0 0.9358218333333334 0.4441624375 0.12222199999999983 0.06111099999999997
0 0.9516778333333332 0.6810546875 0.09074099999999996 0.03749999999999998
