0 0.6444921875 0.5963941671554251 0.30312500000000003 0.07706699999999997
0 0.652578125 0.3793632375366569 0.3175 0.05827000000000004
0 0.6235546875 0.5193261671554252 0.25625 0.07894700000000002
0 0.6560546875 0.3021076158357771 0.31875000000000003 0.07330900000000003
0 0.6159375 0.6548161994134898 0.23562499999999997 0.10996199999999998
0 0.6419140625 0.45270971847507335 0.2693749999999999 0.08270699999999995
0 0.6764453125 0.7898511348973608 0.21375 0.04605299999999998
0 0.8467578125 0.5867084516129033 0.041874999999999996 0.453008
0 0.8500390625 0.5773489325513197 0.01937499999999992 0.479323
0 0.8691796875 0.5567854838709678 0.038125000000000075 0.48590200000000006
0 0.8750390625 0.5582517595307919 0.050000000000000044 0.487782
0 0.8653515625 0.5418995161290322 0.0024999999999999467 0.5169170000000001
0 0.8712109375 0.5672726246334312 0.014375000000000027 0.443609
