0 0.0133203125 0.14274950924024643 0.025625 0.241787
0 0.0382421875 0.13798683778234086 0.023125000000000003 0.26412599999999997
0 0.1509375 0.27055389938398355 0.173125 0.517739
0 0.24796875 0.18611671868583163 0.11875 0.30749
0 0.3117578125 0.2211078090349076 0.10499999999999998 0.41130099999999997
0 0.42015625 0.327713794661191 0.19625000000000004 0.4848880000000001
0 0.389921875 0.13347022587268995 0.05937500000000001 0.268068
0 0.38671875 0.07597535934291581 0.02437499999999998 0.15243099999999996
0 0.4240625 0.2206080616016427 0.048750000000000016 0.256242
0 0.47453125 0.25863477823408626 0.10249999999999998 0.283837
0 0.5473828125 0.21650449486652978 0.135625 0.31274599999999997
0 0.6005078125 0.3525995112936345 0.1975 0.5151119999999999
0 0.63703125 0.1852125544147844 0.10249999999999992 0.2956629999999999
0 0.6024609375 0.14652673305954825 0.01375000000000004 0.23390300000000003
0 0.6700390625 0.2718592710472279 0.08062499999999995 0.323259
0 0.746953125 0.2734215400410678 0.130625 0.36662300000000003
0 0.898359375 0.14562577823408623 0.01187500000000008 0.28383699999999995
0 0.955390625 0.16459518069815196 0.05249999999999999 0.21550599999999998
