0 0.037109375 0.5638068773006135 0.075625 0.05104699999999995
0 0.0641015625 0.41287068302658486 0.034375 0.12827299999999997
0 0.1281640625 0.3392350695296523 0.08062500000000002 0.3730369999999999
0 0.1243359375 0.2392797852760736 0.014374999999999999 0.08769599999999998
0 0.1887890625 0.3417753251533742 0.081875 0.270943
0 0.1922265625 0.2101546625766871 0.03437499999999999 0.136126
0 0.2657421875 0.26332223312883435 0.021874999999999978 0.3089
0 0.2961328125 0.2745345501022495 0.041874999999999996 0.18324600000000002
0 0.297109375 0.443709509202454 0.04312499999999997 0.1963350000000001
0 0.299453125 0.19690484662576685 0.03562500000000002 0.064136
0 0.350703125 0.43731683435582824 0.06812499999999999 0.467278
0 0.3569140625 0.19232276482617588 0.019374999999999976 0.09685899999999997
0 0.3586328125 0.1861047239263804 0.011249999999999982 0.11125699999999998
0 0.4142578125 0.3034157852760736 0.10375000000000001 0.08900499999999999
0 0.4062109375 0.2581746319018405 0.014375000000000027 0.15052400000000002
0 0.4835546875 0.3775306830265849 0.03812500000000002 0.12827199999999994
0 0.4828515625 0.25956137627811865 0.03437499999999999 0.251309
0 0.5165625 0.39977951942740286 0.01749999999999996 0.19240799999999988
0 0.60546875 0.47437053783231087 0.08687500000000004 0.585079
0 0.5787890625 0.3746644683026585 0.01937500000000003 0.21465900000000002
0 0.6955078125 0.3358864069529652 0.04249999999999998 0.23952900000000005
0 0.7367578125 0.5939864580777097 0.041874999999999996 0.217278
0 0.7353125 0.4374105603271984 0.015625 0.17670199999999986
0 0.7386328125 0.22749978527607362 0.010624999999999996 0.08900499999999999
0 0.756328125 0.263739754601227 0.0050000000000000044 0.10209400000000002
0 0.81375 0.36149456032719834 0.03312500000000007 0.17932000000000003
0 0.900546875 0.491485591002045 0.05937500000000007 0.16492099999999998
0 0.8949609375 0.3792497137014315 0.04499999999999993 0.11780099999999996
