0 0.0400390625 0.17278363836017568 0.080625 0.106004
0 0.203125 0.6185148345534408 0.406875 0.0656659999999999
0 0.1394921875 0.4516673133235725 0.273125 0.14634099999999997
0 0.237421875 0.30785041727672036 0.46499999999999997 0.034709000000000025
0 0.0365234375 0.15053359590043924 0.061250000000000006 0.263602
0 0.07398437499999999 0.17711543045387995 0.075625 0.33020700000000003
0 0.21882812499999998 0.22892072474377745 0.193125 0.26923099999999994
0 0.2196875 0.23685481698389457 0.110625 0.33864900000000003
0 0.363671875 0.2048542767203514 0.09000000000000002 0.21107000000000004
0 0.5949609375 0.377304859443631 0.38875000000000004 0.18105000000000004
0 0.5217578125 0.48119562664714494 0.10499999999999998 0.288931
0 0.7496484375 0.7152875344070277 0.49875 0.21951200000000015
0 0.5624609375 0.30578134407027824 0.10749999999999993 0.1669799999999999
0 0.6463671875 0.7845039575402635 0.24124999999999996 0.159475
0 0.7219921875 0.5967726998535872 0.022499999999999964 0.15384599999999993
0 0.7716015625 0.27604273645680816 0.06625000000000003 0.08536600000000001
0 0.8765625 0.2585969516837482 0.20499999999999996 0.24953099999999992
