0 0.027734375 0.17779327675276754 0.012500000000000004 0.05673799999999998
0 0.0296875 0.17911931365313652 0.01625 0.06383000000000003
0 0.2157421875 0.4664539151291513 0.1475 0.586288
0 0.236171875 0.45232183763837636 0.09124999999999997 0.7683210000000001
0 0.29874999999999996 0.4454607453874539 0.126875 0.749409
0 0.29671875 0.38198022878228777 0.05625000000000002 0.6489360000000002
0 0.4548828125 0.4481128191881919 0.16687499999999994 0.7659570000000001
0 0.5342578124999999 0.44661204059040593 0.16687500000000005 0.808511
0 0.4804296875 0.4634481143911439 0.03812500000000002 0.826242
0 0.5078515625 0.4996684907749078 0.03437499999999999 0.5011819999999999
0 0.5263671875 0.5376894501845019 0.053749999999999964 0.690308
0 0.744453125 0.4617778376383764 0.2231249999999999 0.770686
0 0.8644140625 0.49395020664206635 0.23687500000000006 0.8416080000000001
0 0.781640625 0.4170355793357933 0.05125000000000002 0.7174940000000001
0 0.85484375 0.5206182250922509 0.11875000000000002 0.847517
