0 0.1239453125 0.2902969654178675 0.181875 0.115208
0 0.12378906249999999 0.6896611988472623 0.175625 0.10599099999999999
0 0.12281249999999999 0.8497577204610951 0.140625 0.1603690000000001
0 0.1318359375 0.11266440922190202 0.139375 0.17050700000000002
0 0.195078125 0.4017526657060519 0.1925 0.08848000000000002
0 0.20402343750000002 0.5797505100864554 0.18562499999999998 0.09492999999999999
0 0.2250390625 0.6994098760806916 0.174375 0.15299599999999997
0 0.2337890625 0.2974500317002882 0.17437499999999997 0.14746599999999999
0 0.3189453125 0.5027851325648415 0.24500000000000002 0.071889
0 0.32144531249999997 0.5799841988472623 0.21375000000000002 0.10414700000000005
0 0.30859375 0.4036094207492795 0.18062499999999998 0.132719
0 0.2923828125 0.7709105533141211 0.13499999999999998 0.20184299999999994
0 0.3223828125 0.22569063112391932 0.16749999999999998 0.2
0 0.33546875 0.6433710201729107 0.180625 0.18709699999999987
0 0.349375 0.3394577089337176 0.18875000000000003 0.19815600000000003
0 0.3455078125 0.33260363112391933 0.16749999999999998 0.20092099999999996
0 0.391171875 0.27381253025936597 0.15375 0.27741899999999997
0 0.374375 0.8155010864553315 0.09375 0.2193549999999999
0 0.3810546875 0.7231013976945244 0.10000000000000003 0.20921600000000007
0 0.3834765625 0.1698201642651297 0.09687499999999999 0.217512
0 0.4330078125 0.7802056080691644 0.073125 0.27465399999999984
0 0.442734375 0.2301052074927954 0.075625 0.327189
0 0.45109375 0.834233074927954 0.05499999999999999 0.25714300000000007
0 0.4590234375 0.14292377521613833 0.06187499999999996 0.232258
0 0.4909375 0.7928233746397695 0.04874999999999996 0.284793
0 0.5021875 0.22031774063400575 0.04749999999999999 0.343779
0 0.536328125 0.834635152737752 0.06812499999999999 0.2553000000000002
0 0.547890625 0.1497253083573487 0.05249999999999999 0.247927
0 0.5597265625 0.23177981844380402 0.06562500000000004 0.34009200000000006
0 0.6064453125 0.28095184149855906 0.15125 0.2663600000000001
0 0.5638671875 0.7870596858789626 0.05312499999999998 0.27373299999999995
0 0.667109375 0.41224219884726226 0.23062499999999997 0.10599000000000001
0 0.62078125 0.7320974639769453 0.13312500000000005 0.24239599999999992
0 0.6482421875 0.3486737089337176 0.1781250000000001 0.19815699999999992
0 0.67515625 0.581658809798271 0.22812500000000002 0.12073699999999998
0 0.67953125 0.49950021037463976 0.22749999999999992 0.06728200000000002
0 0.6576171875 0.6519512536023054 0.17937500000000006 0.17603699999999997
0 0.6100390625 0.8054799308357349 0.08062500000000006 0.22672799999999996
0 0.61796875 0.1718978530259366 0.08687500000000004 0.228571
0 0.69515625 0.7743638645533142 0.13312499999999994 0.19262599999999988
0 0.7012890625 0.20978894236311238 0.14375000000000004 0.18894
0 0.7670703125 0.6932441095100863 0.181875 0.145622
0 0.790078125 0.2822366541786744 0.193125 0.12442299999999999
0 0.818046875 0.589486432276657 0.21562500000000007 0.09585200000000012
0 0.85375 0.4144229769452449 0.25 0.0755760000000001
0 0.8681640625 0.8694632536023055 0.17562500000000003 0.17787999999999998
0 0.8712109375 0.12164672046109509 0.17062500000000003 0.16129099999999996
0 0.8878125 0.300319121037464 0.17312499999999997 0.1078339999999999
0 0.89015625 0.6988781988472623 0.16500000000000004 0.10598999999999997
0 0.941484375 0.6756412997118155 0.10624999999999996 0.026728000000000026
