0 0.46046875 0.8040104166666667 0.5875 0.38916700000000004
0 0.395078125 0.69484375 0.44312500000000005 0.18166700000000002
0 0.5314062500000001 0.5435420000000001 0.22749999999999998 0.09499999999999997
0 0.5701171875 0.36432325 0.20937500000000003 0.07250000000000001
0 0.5627734375 0.44859374999999996 0.186875 0.11833300000000009
0 0.5973046875 0.43890625 0.22499999999999998 0.134167
0 0.74796875 0.4191663333333333 0.11875000000000002 0.04333400000000006
0 0.77390625 0.55875 0.13312499999999994 0.06416700000000002
0 0.791015625 0.43015591666666664 0.08250000000000002 0.030834000000000028
0 0.8524609375 0.44723958333333336 0.07625000000000004 0.04999999999999997
0 0.9083203125 0.55494825 0.181875 0.22749999999999995
