0 0.093671875 0.546420238938053 0.12125000000000001 0.15108600000000008
0 0.1790625 0.2680817640117994 0.04749999999999999 0.210576
0 0.315078125 0.5657203126843657 0.09875 0.1491970000000001
0 0.3876953125 0.2703838377581121 0.026874999999999982 0.206799
0 0.5865625 0.35266187020648965 0.016874999999999973 0.16619499999999998
0 0.7262109375 0.33123191150442477 0.014375000000000027 0.20491000000000006
0 0.72375 0.3309972064896755 0.0006249999999999867 0.19357899999999997
0 0.806484375 0.3452872389380531 0.012499999999999956 0.15297500000000006
0 0.880703125 0.383715197640118 0.0050000000000000044 0.11425800000000005
0 0.8955859375 0.37178975516224183 0.014374999999999916 0.13125599999999996
